34,1,21,3,17,4,25,4,31
6,2,9
29,2,30,0,0
14,1,3,2,17,5,26
9,0,1,4,21,2,16
22,0,8
27,1,5
30,1,20,0,26,0,16,3,33,1,10
28,8,32
27,0,3,1,14,2,7
29,3,32,4,28
34,4,32,4,28,3,8,2,19
8,3,22,3,18
18,0,4,0,6,3,21
6,6,32,5,29
15,0,2,0,12,1,16
17,5,26,2,20
34,3,29
11,1,9
13,0,8
2,2,17,1,3
15,2,17,3,21,1,6
31,2,25,1,5
2,2,17,3,21,1,6,1,4
13,0,8,4,28,0,1,4,21,2,16,3,33
13,0,8,4,28,0,1,4,21,2,16,3,33
18,2,28,8,32
14,2,7
24,1,4,3,28,3,8
17,4,25
32,4,28,5,11
9,0,1,0,3,2,17,2,15
19,1,23,4,31
15,0,2,0,12
7,1,14,1,3,2,17,2,15,1,10
26,2,20
27,0,3,3,25
29,1,26,1,17,0,2
18,1,22,1,11,3,23,4,31
13,0,8,0,11,1,9,4,14
34,0,16
34,1,21,1,6,1,4
2,2,17,3,21,4,32,0,0
10,0,15,3,27,1,5
6,0,1,0,3,3,25
31,2,25,3,17,0,2
11,4,28,8,32,5,29,0,20
5,0,25,0,3,0,1,1,6,1,4
27,0,3,0,1,5,28,6,18
1,0,3,2,17,0,2
